189, 833, 733, 219, 137, 1542, 164, 261,
380, 82, 1668, 1282, 472, 279, 1128, 1715,
206, 826, 255, 1528, 353, 296, 1267, 215,
58, 346, 618, 562, 341, 1742, 70, 154, 224,
1038, 41, 1438, 405, 415, 89, 368, 283, 338,
444, 566, 206, 2111, 398, 878, 1766, 128,
859, 2853, 23, 1427, 1025, 551, 552, 69,
482, 269, 377, 100, 419, 817, 609, 1581,
1468, 22, 587, 58, 2313, 104, 122, 154, 493,
91, 1591, 447, 15, 101, 1661, 189, 524, 265,
370, 221, 1149, 448, 1175, 7, 318, 2084,
156, 558, 91, 432, 773, 406, 2088, 83